{
  "skill_scores": {
    "Machine Learning": 0.95,
    "Natural Language Processing": 0.95,
    "Big Data Handling": 0.9,
    "Python": 0.95,
    "Java": 0.95,
    "Javascript": 0.8920498682138449,
    "HTML": 0.8637578926182055,
    "CSS": 0.95,
    "XML": 0.3,
    "SQL": 0.95,
    "PHP": 0.8844784846973635,
    "Kotlin": 0.3,
    "Python Flask": 0.3,
    "Android": 0.95,
    "ReactJS": 0.3,
    "Flutter": 0.95,
    "MongoDB": 0.95,
    "Azure": 0.95,
    "GCP": 0.39068709081841807,
    "AWS": 0.95,
    "Numpy": 0.3,
    "Pandas": 0.95,
    "Microsoft Excel": 0.95,
    "problem solving": 0.8844784846973635,
    "project lifecycle": 0.9,
    "project manager": 0.9,
    "technical assistance": 0.9,
    "Design": 0.95,
    "Responsive Web Design": 0.6500000000000001,
    "Mobile design": 0.6500000000000001,
    "Visual Design": 0.6500000000000001,
    "Game Design": 0.6500000000000001,
    "Illustration": 0.6500000000000001,
    "User Research": 0.6500000000000001,
    "Competitive Analysis": 0.6500000000000001,
    "Wireframing": 0.6500000000000001,
    "Prototyping": 0.6500000000000001,
    "Usability Testing": 0.6500000000000001,
    "Statistical Analysis": 0.6500000000000001,
    "Adobe Creative Suite": 0.6500000000000001,
    "Sketch": 0.6500000000000001,
    "Principle": 0.6500000000000001,
    "Invision": 0.6500000000000001,
    "Balsamiq": 0.6500000000000001,
    "R Studio": 0.6500000000000001,
    "Cogtool": 0.6500000000000001,
    "JavaScript": 0.95,
    "C++": 0.7019235069357779,
    "JQuery": 0.6500000000000001,
    "Angular": 0.5194349077496915,
    "React": 0.8844784846973635,
    "Ionic": 0.6500000000000001,
    "Grunt": 0.6500000000000001,
    "Gulp": 0.6500000000000001,
    "QT": 0.6500000000000001,
    "Firebase": 0.6500000000000001,
    "Haskell": 0.4,
    "C": 0.95,
    "Prolog": 0.4,
    "HTML5": 0.5704423355595515,
    "CSS3": 0.4,
    "Android Development": 0.4,
    "Web Development": 0.95,
    "GitHub": 0.95,
    "React Native": 0.95,
    "Bootstrap 3": 0.4,
    "TensorFlow": 0.95,
    "Adobe Premiere Pro": 0.9,
    "After Effects": 0.9,
    "Photoshop": 0.9,
    "Audition": 0.9,
    "Figma": 0.9,
    "Logic Pro X": 0.9,
    "WordPress": 0.9,
    "XHTML": 0.9,
    "MySQL": 0.7447614424469194,
    "JAVA": 0.3,
    "Data Structures": 0.3249910460770046,
    "NumPy": 0.95,
    "Scikit-Learn": 0.39068709081841807,
    "OpenCV": 0.95,
    "Pytesseract": 0.95,
    "BeautifulSoup": 0.3,
    "R": 0.95,
    "Google Cloud Platform": 0.4,
    "Neural Nets": 0.4,
    "CNN": 0.95,
    "RNN": 0.4,
    "Tableau": 0.95,
    "Power BI": 0.3,
    "Matplotlib": 0.95,
    "Seaborn": 0.3,
    "Plotly": 0.4,
    "Excel": 0.3,
    "Talend(ETL tool)": 0.4,
    "Alteryx": 0.4,
    "Rapid Miner": 0.4,
    "NLTK": 0.95,
    "Spacy": 0.4,
    "Sklearn": 0.4,
    "LinearRegression": 0.9,
    "LogisticRegression": 0.9,
    "DecisionTrees": 0.9,
    "KNN,KMEAN": 0.9,
    "SupportVectorMachine": 0.9,
    "RandomForest": 0.9,
    "NaiveBayes": 0.9,
    "Docker": 0.8772564474127353,
    "communication": 0.8920498682138449,
    "SQL Server": 0.675,
    "MS Excel": 0.675,
    "Predictive Analysis": 0.675,
    "Machine Learning Technologies (Hands on)": 0.675,
    "Packages: SciKit-Learn, NumPy, Pandas, Keras, CNN, NLP": 0.675,
    "Database: MS SQL": 0.675,
    "Visualization Tools: Tableau, MS Excel, ggplot": 0.675,
    "Statistics/ML: Linear/Logistic Regression, Random Forests, Clustering, Boosting methods, Neural Networks": 0.675,
    "PostgreSQL": 0.47298565646490887,
    "Scikit-learn": 0.3,
    "SHAP": 0.95,
    "Tensorflow": 0.8920498682138449,
    "Machine learning": 0.95,
    "Scikit - Learn": 0.3,
    "NLP": 0.95,
    "Predictive modeling using Regression, classification, clustering, decision trees, Random forests, ensembles and boosting algorithms": 0.3,
    "Deep learning \u2013 Neural Networks": 0.3,
    "SciPy": 0.9,
    "SWOT analysis": 0.9,
    "Naive Bayes": 0.9,
    "Clustering Algorithms": 0.9,
    "Recommendation System": 0.9,
    "Data cleansing": 0.9,
    "Google Colab": 0.5194349077496915,
    "Postgre": 0.9,
    "Logistic regression": 0.9,
    "Random Forest classifier": 0.9,
    "Story-Telling": 0.9,
    "Hands-On ML model deployment": 0.9,
    "Full Stack Data Science Program": 0.9,
    "AlmaBetter": 0.9,
    "Soft Computing": 0.3,
    "Image Processing": 0.3,
    "Medical image analysis": 0.3,
    "Marketing": 0.3,
    "Data Science": 0.95,
    "Analytics": 0.3,
    "Computer Vision": 0.8021799190508723,
    "Neural Networks": 0.8920498682138449,
    "Denoising": 0.3,
    "Removal of background": 0.3,
    "Pectoral muscles": 0.3,
    "Labels": 0.3,
    "Enhancement": 0.3,
    "Segmentation": 0.3,
    "Clustering": 0.95,
    "Feature Extraction": 0.3,
    "Classification": 0.95,
    "Fuzzy": 0.3,
    "Deep Learning": 0.95,
    "Transformer Neural Networks": 0.3,
    "BERT": 0.3,
    "GPT": 0.3,
    "Computer-aided diagnosis": 0.3,
    "Ultrasound imaging": 0.3,
    "Problem analysis": 0.3,
    "Algorithms": 0.5194349077496915,
    "Maths": 0.3,
    "Probability": 0.395229920928307,
    "Statistics": 0.3,
    "Cassandra": 0.3,
    "Hadoop": 0.95,
    "Spark": 0.3,
    "Github": 0.3,
    "RESTful APIs": 0.3,
    "AWS Sagemaker": 0.3,
    "Kafka": 0.3,
    "Flink": 0.3,
    "Domo": 0.3,
    "Jira": 0.3,
    "Confluence": 0.3,
    "Power Bi": 0.3,
    "EDA": 0.3,
    "ETL": 0.3,
    "Data Analysis": 0.8920498682138449,
    "Stats": 0.3,
    "Libraries: Numpy, Pandas, Matplotlib, Seaborn, Scikit-learn": 0.3,
    "SAP SD module": 0.95,
    "Problem Solving": 0.3,
    "Troubleshooting": 0.95,
    "Mentor": 0.3,
    "Creative Thinker": 0.3,
    "Team Player": 0.3,
    "PL/SQL": 0.9,
    "Hive": 0.9,
    "Teradata": 0.9,
    "Oracle SQL": 0.9,
    "ML Algorithms": 0.9,
    "Linear Regression": 0.95,
    "Logistic Regression": 0.9,
    "Time Series": 0.9,
    "Na\u00efve Bayes": 0.9,
    "Decision Trees": 0.9,
    "Random Forest": 0.9,
    "MBA": 0.9,
    "K-Means SVM": 0.9,
    "Jupyter Notebook": 0.8920498682138449,
    "PyCharm": 0.9,
    "R studio": 0.9,
    "Spyder": 0.8920498682138449,
    "SVN": 0.8920498682138449,
    "Bitbucket": 0.9,
    "SQL Developer": 0.9,
    "Excel + Power Pivot": 0.3,
    "Web Scraping (Selenium)": 0.3,
    "VBA (Basic)": 0.3,
    "Visualizations": 0.3,
    "Python Programming": 0.95,
    "Optimization": 0.95,
    "Applied Mathematics": 0.9,
    "Linear Algebra": 0.9,
    "Artificial Intelligence": 0.8920498682138449,
    "Deep Reinforcement Learning": 0.9,
    "Python3": 0.9,
    "Embedded": 0.9,
    "Shell": 0.9,
    "OpenVino": 0.9,
    "Docker Compose": 0.9,
    "Anaconda": 0.8844784846973635,
    "Sublime": 0.9,
    "Microsoft Azure": 0.9,
    "WinSCP": 0.9,
    "Putty": 0.9,
    "Matlab": 0.9,
    "Octave": 0.9,
    "RQ1": 0.9,
    "SDOM": 0.9,
    "Continuous Integration": 0.9,
    "INCA": 0.9,
    "ECUTest": 0.9,
    "CANalyzer": 0.9,
    "Lambda Titan X GPU's": 0.9,
    "RTOS (Intel Movidius stick, Myriad 2 accelerator, Neural Processing Unit, In neon, Arduino, Raspberry4)": 0.9,
    "Safety PLC": 0.9,
    "Engine ECU": 0.95,
    "Cluster ECU(OBD)": 0.9,
    "LabCar": 0.9,
    "Cancase": 0.9,
    "UDE debugger": 0.9,
    "Data Visualization": 0.95,
    "Data Analytics": 0.95,
    "Observability": 0.95,
    "Monitoring and Alerting": 0.95,
    "AWS open search/elasticsearch": 0.4,
    "AWS Kibana": 0.95,
    "Grafana": 0.95,
    "Thanos": 0.95,
    "Prometheus": 0.95,
    "SAS Programming": 0.4,
    "Statistical Modeling": 0.4,
    "Pandas (Software)": 0.4,
    "Artificial Intelligence (AI)": 0.4,
    "K-Means Clustering": 0.95,
    "AWS Comprehend": 0.4,
    "AWS S3": 0.4,
    "Java (Programming Language)": 0.4,
    "Spring Boot": 0.4,
    "C (Programming Language)": 0.4,
    "OOPs Concepts": 0.4,
    "Keras": 0.95,
    "TensorFlow flow": 0.95,
    "Scipy": 0.95,
    "Scikit Learn": 0.95,
    "Exploratory Data Analysis": 0.9,
    "Communication Skills": 0.9,
    "Critical Thinking": 0.9,
    "Creative Thinking": 0.9,
    "Collaboration": 0.9,
    "Team Building": 0.9,
    "Leadership": 0.9,
    "Project Management": 0.9,
    "Machine Learning algorithms": 0.95,
    "Fundamentals of NLP": 0.3,
    "Statistics and Probability": 0.3,
    "creative thinking": 0.9,
    "MLOPS": 0.9,
    "Big Data": 0.9,
    "Deep Neural Networks": 0.9,
    "HADOOP ecosystem": 0.9,
    "Spring": 0.9,
    "Spring boot": 0.9,
    "Micro": 0.9,
    "Graph Database services": 0.9,
    "Restful web services": 0.9,
    "Machine learning Algorithms": 0.3,
    "Regex": 0.3,
    "TensorFlow 2.0": 0.3,
    "Lamba": 0.3,
    "CodePipeline": 0.3,
    "Git": 0.95,
    "Regression": 0.95,
    "Recommendation Systems": 0.95,
    "Time Series Analysis": 0.95,
    "Data Cleaning": 0.95,
    "Feature Engineering": 0.95,
    "Auto-cad": 0.95,
    "3dsMax": 0.95,
    "Docke": 0.9,
    "ROS": 0.9,
    "PyTorch": 0.8920498682138449,
    "MATLAB": 0.8920498682138449,
    "HTML/ CSS / Bootstrap/ Javascript/ Jquery": 0.9,
    "Basic 4 Android": 0.9,
    "Embedded System Design": 0.9,
    "uP Board": 0.9,
    "Raspberry Pi": 0.8920498682138449,
    "Arduino": 0.9,
    "LabView": 0.9,
    "Data Acquisition": 0.9,
    "Image Processing & Signal Processing Toolboxes": 0.9,
    "Final Year Projects": 0.9,
    "Traffic Congestion and Web Development": 0.9,
    "Full Stack Developer": 0.9,
    "Incident Warning using V2I": 0.9,
    "Communication": 0.9,
    "File Sharing and Android App Development": 0.9,
    "Information Dissemination in VANETs": 0.9,
    "EXPERIENCE: (10+ YEARS)": 0.9,
    "MATLAB/Simulink": 0.9,
    "Altera Design with Quartus and Modelsim": 0.9,
    "FPGA Development Experience and knowledge of VHDL": 0.9,
    "Typhoon Hardware-in-Loop": 0.9,
    "Honeywell - Experion PKS C200": 0.9,
    "Lyx/Latex for scientific reports & Presentations": 0.9,
    "Instruments installation": 0.9,
    "PLCs programming using Function blocks": 0.9,
    "Operating Systems: Windows": 0.9,
    "Multisim Simulation-in-Loop": 0.9,
    "MS Visio and Office System identification and modelling": 0.9,
    "Editorial Board and Organized Special Issue/Session": 0.9,
    "Cognitive Radio Networks": 0.3,
    "Metaverse": 0.3,
    "6G and Beyond Cellular Communication Networks": 0.3,
    "Internet of Things": 0.3,
    "Blockchain": 0.3,
    "Haptic Communications & Tactile Internet": 0.3,
    "Wireless Ad-Hoc & Sensor Networks": 0.3,
    "Device-to-device": 0.3,
    "Smart Cities & Cloud Computing": 0.3,
    "Image/video Processing": 0.3,
    "Cyber Security/Network & Information Security": 0.3,
    "ELECTRICAL ENGINEERING": 0.95,
    "RESEARCH": 0.5875000000000001,
    "PROGRAMMING": 0.95,
    "C/C++": 0.5875000000000001,
    "Arduino IDE": 0.5875000000000001,
    "STMCube IDE": 0.5875000000000001,
    "Eagle CAD": 0.5875000000000001,
    "PROTEUS": 0.5875000000000001,
    "Node Red": 0.5875000000000001,
    "Android Studio": 0.5875000000000001,
    "project management": 0.6262859629718484,
    "creative design": 0.6262859629718484,
    "strong decision maker": 0.637582787757891,
    "innovative": 0.6318051579301884,
    "complex problem solver": 0.6436398945710762,
    "service-focused": 0.6318051579301884,
    "data analysis": 0.95,
    "Oracle": 0.95,
    "STATA": 0.95,
    "SPSS": 0.8920498682138449,
    "complex problem": 0.6500000000000001,
    "service-focused solver": 0.6500000000000001,
    "PHP OOP": 0.637582787757891,
    "customer relations": 0.6436398945710762,
    "quality assurance tests": 0.95,
    "Spanish": 0.6500000000000001,
    "Chinese": 0.6500000000000001,
    "PHP Framework (certificate): Zend, Codeigniter, Symfony": 0.95,
    "automotive sales management": 0.6436398945710762,
    "leadership": 0.6436398945710762,
    "multi-tasking": 0.6436398945710762,
    "business development": 0.95,
    "motivation": 0.6500000000000001,
    "marketing": 0.6500000000000001,
    "organizational capacity": 0.6500000000000001,
    "recruitment": 0.6500000000000001,
    "hiring": 0.6500000000000001,
    "inventory management": 0.6500000000000001,
    "Apache Spark": 0.95,
    "Redshift": 0.9,
    "Snowflake": 0.9,
    "Apache NiFi": 0.9,
    "Talend": 0.9,
    "quality assurance": 0.95,
    "scikit-learn": 0.95,
    "Kubernetes": 0.6500000000000001
  },
  "cv_similarity_by_category": {
    "Deep Learning Engineer": {
      "reference_cvs": [
        "A",
        "Sophia Williams"
      ],
      "reference_scores": [
        0.8521310291634437,
        0.8775111235761984
      ],
      "similarity_matrix": [
        [
          1.0000001192092896,
          0.9725729823112488
        ],
        [
          0.9725729823112488,
          1.0
        ]
      ],
      "average_similarity": 0.9862865209579468
    },
    "UNKNOWN": {
      "reference_cvs": [
        "Alice Clark",
        "xinni chng",
        "Kyoti Khan",
        "John W. Smith"
      ],
      "reference_scores": [
        0.8880263172622421,
        0.7561937291455202,
        0.7785288896217689,
        0.0
      ],
      "similarity_matrix": [
        [
          0.9999998807907104,
          0.8157955408096313,
          0.8119360208511353,
          0.8369516730308533
        ],
        [
          0.8157955408096313,
          1.000000238418579,
          0.9911462664604187,
          0.7016168832778931
        ],
        [
          0.8119360208511353,
          0.9911462664604187,
          0.9999998807907104,
          0.709365963935852
        ],
        [
          0.8369516730308533,
          0.7016168832778931,
          0.709365963935852,
          1.0000001192092896
        ]
      ],
      "average_similarity": 0.8583515286445618
    },
    "JavaScript Developer": {
      "reference_cvs": [
        "Ashly Lau",
        "Dr. Azam Rafique",
        "Christoper M",
        "Christopher Morgan"
      ],
      "reference_scores": [
        0.8429341790822777,
        0.870917886760988,
        0.6651792767629601,
        0.8040452757948517
      ],
      "similarity_matrix": [
        [
          1.000000238418579,
          0.9856911897659302,
          0.9419416189193726,
          0.9838181138038635
        ],
        [
          0.9856911897659302,
          0.9999998807907104,
          0.9099876284599304,
          0.9910982847213745
        ],
        [
          0.9419416189193726,
          0.9099876284599304,
          1.0000001192092896,
          0.9208848476409912
        ],
        [
          0.9838181138038635,
          0.9910982847213745,
          0.9208848476409912,
          0.9999997615814209
        ]
      ],
      "average_similarity": 0.9666776657104492
    },
    "ML Engineer": {
      "reference_cvs": [
        "ANUVA GOYAL",
        "",
        "Dr. Amjad Ali",
        "James Carter"
      ],
      "reference_scores": [
        0.860407716680642,
        0.8987148033266814,
        0.711216686864201,
        0.8625889129081497
      ],
      "similarity_matrix": [
        [
          0.9999997615814209,
          0.9547201991081238,
          0.9283672571182251,
          0.958252489566803
        ],
        [
          0.9547201991081238,
          1.0000001192092896,
          0.9660197496414185,
          0.9855954647064209
        ],
        [
          0.9283672571182251,
          0.9660197496414185,
          0.9999998807907104,
          0.966586709022522
        ],
        [
          0.958252489566803,
          0.9855954647064209,
          0.966586709022522,
          0.9999997615814209
        ]
      ],
      "average_similarity": 0.9699426889419556
    },
    "SQL Expert": {
      "reference_cvs": [
        "ANUVA GOYAL",
        "Fulkar Khan",
        "",
        "Christoper M"
      ],
      "reference_scores": [
        0.860407716680642,
        0.8527963199659172,
        0.8987148033266814,
        0.6651792767629601
      ],
      "similarity_matrix": [
        [
          0.9999997615814209,
          0.9550348520278931,
          0.9547201991081238,
          0.9442542791366577
        ],
        [
          0.9550348520278931,
          1.0,
          0.9747327566146851,
          0.9620606899261475
        ],
        [
          0.9547201991081238,
          0.9747327566146851,
          1.0000001192092896,
          0.949641227722168
        ],
        [
          0.9442542791366577,
          0.9620606899261475,
          0.949641227722168,
          1.0000001192092896
        ]
      ],
      "average_similarity": 0.9675555229187012
    },
    "NLP Engineer": {
      "reference_cvs": [
        "Varsha Barshab Nayak",
        "AFTENDRA JHA",
        "A",
        "Sophia Williams"
      ],
      "reference_scores": [
        0.7643510431833427,
        0.8634752289752969,
        0.8521310291634437,
        0.8775111235761984
      ],
      "similarity_matrix": [
        [
          1.0,
          0.981243908405304,
          0.9818253517150879,
          0.974237322807312
        ],
        [
          0.981243908405304,
          1.000000238418579,
          0.9797627925872803,
          0.9880654215812683
        ],
        [
          0.9818253517150879,
          0.9797627925872803,
          1.0000001192092896,
          0.9725729823112488
        ],
        [
          0.974237322807312,
          0.9880654215812683,
          0.9725729823112488,
          1.0
        ]
      ],
      "average_similarity": 0.9847134947776794
    },
    "Cloud Practitioner": {
      "reference_cvs": [
        "Kunika Bhargav",
        "",
        "Dr. Amjad Ali",
        "James Carter"
      ],
      "reference_scores": [
        0.8630984501398145,
        0.8987148033266814,
        0.711216686864201,
        0.8625889129081497
      ],
      "similarity_matrix": [
        [
          1.000000238418579,
          0.9773819446563721,
          0.9598184823989868,
          0.9663914442062378
        ],
        [
          0.9773819446563721,
          1.0000001192092896,
          0.9660197496414185,
          0.9855954647064209
        ],
        [
          0.9598184823989868,
          0.9660197496414185,
          0.9999998807907104,
          0.966586709022522
        ],
        [
          0.9663914442062378,
          0.9855954647064209,
          0.966586709022522,
          0.9999997615814209
        ]
      ],
      "average_similarity": 0.9777241945266724
    },
    "Python Developer": {
      "reference_cvs": [
        "Kunika Bhargav",
        "",
        "Dr. Amjad Ali",
        "James Carter"
      ],
      "reference_scores": [
        0.8630984501398145,
        0.8987148033266814,
        0.711216686864201,
        0.8625889129081497
      ],
      "similarity_matrix": [
        [
          1.000000238418579,
          0.9773819446563721,
          0.9598184823989868,
          0.9663914442062378
        ],
        [
          0.9773819446563721,
          1.0000001192092896,
          0.9660197496414185,
          0.9855954647064209
        ],
        [
          0.9598184823989868,
          0.9660197496414185,
          0.9999998807907104,
          0.966586709022522
        ],
        [
          0.9663914442062378,
          0.9855954647064209,
          0.966586709022522,
          0.9999997615814209
        ]
      ],
      "average_similarity": 0.9777241945266724
    },
    "Big Data Engineer": {
      "reference_cvs": [
        "AFTENDRA JHA",
        "Farukh Sharma",
        "A",
        "Dr. Amjad Ali"
      ],
      "reference_scores": [
        0.8634752289752969,
        0.8854660768551642,
        0.8521310291634437,
        0.711216686864201
      ],
      "similarity_matrix": [
        [
          1.000000238418579,
          0.9667715430259705,
          0.9797627925872803,
          0.9746633768081665
        ],
        [
          0.9667715430259705,
          1.0,
          0.9352468848228455,
          0.9630098342895508
        ],
        [
          0.9797627925872803,
          0.9352468848228455,
          1.0000001192092896,
          0.9530950784683228
        ],
        [
          0.9746633768081665,
          0.9630098342895508,
          0.9530950784683228,
          0.9999998807907104
        ]
      ],
      "average_similarity": 0.9715687036514282
    }
  },
  "update_count": 44,
  "timestamp": "2025-06-04T13:15:32.231938"
}